1000 3
1 4
1 257
1 388
1 467
1 576
1 577
1 835
2 148
2 266
2 310
2 360
2 452
2 638
2 668
3 733
4 163
4 368
4 734
4 882
4 935
5 58
5 439
5 836
5 926
6 9
6 555
6 825
7 120
7 488
7 714
7 744
7 861
7 991
8 191
8 509
8 649
8 896
9 299
9 474
9 561
9 642
9 695
9 973
10 363
10 589
11 183
11 218
11 582
11 680
11 815
11 911
11 999
12 54
12 374
13 368
13 407
13 451
13 563
13 687
13 840
13 866
13 901
13 992
14 140
14 141
14 201
14 454
14 471
14 829
15 80
15 441
15 538
15 752
16 108
16 140
16 262
16 317
16 438
16 557
17 186
17 229
17 385
17 549
17 897
18 201
18 358
18 753
18 953
19 210
19 487
19 602
19 944
20 40
20 110
20 176
20 353
20 509
20 557
20 619
20 721
21 247
21 266
21 635
21 678
21 812
22 303
22 544
22 760
22 1000
23 93
23 167
23 635
23 773
23 836
24 379
24 401
25 936
26 114
26 559
26 693
27 334
27 553
27 670
27 811
27 958
28 457
28 523
28 576
28 741
28 748
28 949
29 255
29 447
29 879
30 233
30 332
30 407
30 509
30 615
30 686
31 319
32 101
32 237
32 773
33 222
33 303
33 444
33 531
33 847
34 118
34 599
35 69
35 164
35 253
35 663
35 793
36 435
36 590
36 645
36 795
36 893
37 128
37 367
37 562
37 972
38 46
38 596
38 832
38 993
39 65
39 152
39 231
39 510
39 650
39 821
39 920
40 158
40 421
40 454
40 466
40 571
40 619
40 621
40 623
41 105
41 171
41 461
41 532
42 53
42 199
42 733
42 743
42 985
43 65
43 123
43 259
43 495
43 912
43 961
44 268
44 380
44 458
45 62
45 66
45 131
45 332
45 622
45 740
45 818
46 91
46 210
46 472
46 830
46 897
47 161
47 360
47 734
48 182
48 352
48 473
48 578
48 774
48 791
48 992
49 455
49 650
49 651
50 726
50 853
51 200
51 266
51 280
51 484
51 563
51 719
52 136
52 268
52 275
52 766
53 167
53 381
53 451
53 827
53 865
53 913
54 171
54 665
55 134
56 249
56 407
56 851
57 373
57 464
57 635
57 883
58 119
58 190
58 432
58 464
58 496
58 666
58 855
58 878
59 72
59 285
59 492
59 553
59 578
59 929
59 953
60 270
60 285
60 407
60 659
60 786
60 793
60 826
60 973
61 360
61 473
61 619
61 682
61 708
61 779
61 832
61 898
61 945
62 64
62 299
63 746
63 976
64 239
64 328
64 341
64 757
64 851
64 954
65 803
65 857
65 906
65 982
66 214
66 690
66 756
66 985
67 311
67 479
67 554
67 911
68 394
68 464
68 531
68 976
68 984
69 489
69 584
69 792
69 803
69 908
69 980
70 117
70 227
70 312
70 352
70 573
70 615
70 733
70 808
70 944
70 999
71 190
71 238
71 348
71 550
71 651
71 940
72 154
72 213
72 630
72 632
72 945
73 87
73 441
74 591
74 848
74 849
74 1000
75 158
75 262
75 681
75 739
76 605
76 621
76 649
77 258
77 273
77 400
77 882
78 93
78 152
78 318
78 481
78 504
78 747
78 950
78 955
78 972
79 375
79 440
79 558
79 792
80 521
80 740
80 859
80 906
81 147
81 308
81 393
81 633
81 781
81 964
82 384
82 501
82 632
82 852
82 948
83 712
83 798
83 927
85 311
85 387
86 97
86 138
86 304
86 398
86 415
86 599
86 969
87 523
87 724
87 972
87 981
87 995
87 996
88 162
88 678
88 711
89 99
89 136
89 281
89 340
89 413
89 511
90 358
90 806
90 881
91 92
91 205
91 237
91 300
91 440
91 673
92 232
92 290
92 325
92 481
92 887
93 287
93 651
93 656
93 957
94 292
94 318
94 660
94 964
94 996
95 507
95 713
96 145
96 579
96 627
96 760
97 262
97 399
97 669
97 691
97 882
98 389
98 461
98 712
99 299
99 689
99 805
100 513
100 715
100 757
100 959
101 224
101 333
101 716
101 852
102 137
102 429
102 503
102 618
102 702
102 829
102 978
103 597
103 624
103 698
104 204
104 272
104 326
104 575
104 613
104 645
104 682
105 271
105 385
105 435
106 111
106 183
106 379
106 781
106 843
106 920
106 928
107 158
107 564
107 623
108 609
108 614
108 615
108 675
109 398
109 409
109 484
109 517
109 884
110 242
110 297
110 358
110 936
111 569
111 774
111 986
113 441
113 593
113 625
113 745
113 752
113 891
113 903
113 933
114 441
114 496
114 801
114 831
114 956
114 980
115 133
115 136
115 634
115 688
115 772
116 448
116 498
116 735
117 125
117 555
118 124
118 200
118 321
118 576
118 646
118 913
118 931
119 251
119 258
119 395
119 428
119 789
119 896
119 941
120 134
120 383
120 457
120 718
120 749
120 805
120 836
120 972
121 212
121 469
121 840
122 388
122 708
122 849
122 854
122 873
123 377
123 423
123 552
123 974
124 384
124 469
124 692
124 762
125 173
125 232
125 252
125 272
125 928
126 177
126 207
126 300
126 507
126 508
126 598
126 703
126 958
127 287
127 328
127 815
127 822
127 934
128 334
128 682
128 883
129 384
129 591
129 800
129 847
130 583
130 670
130 751
130 862
130 958
131 152
131 219
131 352
131 544
131 667
132 267
132 579
132 750
132 917
132 940
133 579
133 889
133 913
134 463
134 566
134 657
134 721
134 822
134 941
134 957
134 997
135 377
135 569
135 583
135 618
135 663
135 665
135 834
135 896
136 248
136 389
136 520
136 546
136 680
136 755
136 938
138 205
138 304
138 642
138 665
138 817
138 825
138 878
138 920
138 932
139 633
139 776
139 815
140 208
140 555
141 162
141 457
141 604
141 793
142 166
142 835
143 321
143 431
143 524
144 332
144 468
144 570
145 521
146 314
146 402
146 541
146 582
146 636
146 798
146 818
147 210
147 341
147 431
147 500
148 286
148 375
148 438
148 521
148 811
148 993
149 274
149 500
149 811
149 841
149 943
150 197
150 233
150 340
150 601
150 684
150 860
150 876
151 533
151 688
151 801
152 321
152 617
152 881
153 520
153 618
153 686
154 496
154 640
154 668
155 166
155 221
155 346
155 861
156 227
156 504
156 747
156 811
156 895
156 954
157 612
157 710
157 746
157 795
157 810
157 974
158 258
158 465
158 732
159 201
159 427
159 832
159 848
159 925
159 954
160 163
160 362
160 481
160 542
160 777
160 804
160 806
160 818
160 958
161 324
161 336
161 618
161 785
161 789
162 430
162 716
162 990
163 769
163 971
164 388
164 520
164 785
164 840
165 458
165 520
165 567
165 668
165 853
165 889
166 416
166 418
166 461
166 481
166 780
166 804
167 229
168 305
168 437
168 843
169 401
170 210
170 450
170 590
171 700
172 183
172 436
172 448
172 695
172 902
172 928
173 210
173 278
173 305
173 530
173 924
173 929
174 723
174 796
175 565
175 672
176 579
176 627
176 856
177 183
177 463
177 473
177 556
177 768
177 781
177 822
179 195
179 451
179 635
179 777
180 486
180 922
181 217
181 290
181 793
181 858
181 908
183 333
183 502
183 545
183 825
184 198
184 265
184 842
185 293
185 334
185 941
186 444
186 565
186 614
187 420
187 438
187 511
187 615
187 626
187 788
187 809
188 383
188 554
188 601
188 648
188 811
189 438
190 204
190 600
190 629
190 763
190 836
190 930
190 946
191 403
191 522
191 578
191 821
191 826
192 587
192 719
193 806
193 895
194 465
194 643
195 981
197 212
197 885
198 230
198 488
198 804
199 304
199 386
199 576
199 802
200 204
200 546
200 818
201 470
201 590
201 610
201 894
201 974
202 502
202 511
202 597
202 669
203 229
203 475
203 655
203 657
203 726
204 392
204 416
204 443
204 475
205 550
205 622
205 675
206 305
206 310
206 909
207 225
207 402
207 482
207 568
208 403
208 753
208 926
209 219
209 752
209 797
209 808
209 971
210 289
210 616
210 833
210 917
211 549
211 726
212 550
212 759
212 823
212 929
213 216
213 439
213 822
213 888
214 216
214 235
214 431
214 584
214 723
214 743
214 965
215 660
215 897
216 424
216 617
217 767
218 239
218 288
218 480
218 817
219 281
219 439
219 503
219 522
219 533
219 553
220 310
220 338
220 623
220 858
220 936
221 229
221 296
221 565
221 989
222 262
222 627
222 792
222 853
222 964
223 307
223 354
223 399
223 411
223 845
223 983
224 527
224 957
225 288
225 408
226 698
226 769
227 448
227 616
227 676
227 948
228 242
228 451
228 520
228 687
228 741
229 638
229 653
230 636
231 348
231 649
231 993
232 633
233 397
233 569
234 481
234 848
234 963
235 324
235 832
236 639
236 705
236 745
236 839
237 359
237 700
238 251
238 546
238 642
239 251
240 564
240 706
240 873
241 256
241 670
242 276
242 429
242 474
242 581
242 605
242 745
242 810
243 985
244 370
244 694
244 723
244 778
244 858
245 425
245 692
245 758
245 821
246 262
246 274
246 535
246 738
246 896
247 521
247 914
248 252
248 305
248 363
248 508
248 677
248 714
248 896
249 552
250 297
250 318
250 541
250 554
250 849
250 850
251 277
251 356
251 431
251 462
251 467
251 689
251 771
251 780
252 421
252 755
252 771
252 997
253 395
253 420
253 638
253 928
253 993
254 357
254 437
254 537
254 827
255 327
255 501
255 519
255 824
255 831
255 968
256 319
256 741
256 830
257 373
257 529
257 658
257 689
257 809
258 577
258 795
259 331
259 559
259 585
260 440
260 882
260 955
261 317
261 925
261 926
262 363
262 488
262 831
263 368
263 371
263 480
263 541
263 711
263 827
263 932
264 340
264 571
264 651
264 689
264 795
264 943
264 950
265 494
266 380
267 403
267 549
268 602
268 686
268 996
269 388
270 432
270 492
270 529
270 623
270 795
270 971
271 357
271 647
271 700
271 743
271 764
273 334
273 348
273 632
273 698
273 948
273 994
274 289
274 739
274 865
275 314
275 400
275 465
275 642
275 791
276 433
276 440
276 463
276 527
276 756
276 794
276 923
276 948
276 993
277 772
277 977
278 462
278 474
278 556
278 807
279 357
279 565
279 705
280 375
280 465
280 631
280 753
280 868
281 548
282 381
282 549
282 866
282 869
283 293
283 338
283 843
283 961
283 981
284 655
284 707
284 803
284 937
284 987
285 499
285 652
286 305
286 404
286 729
286 932
287 937
288 972
289 343
289 665
290 979
291 356
291 597
291 623
291 990
292 365
292 527
292 534
292 841
292 984
293 415
293 487
293 614
293 618
293 701
293 702
293 755
293 912
294 311
294 619
294 658
294 735
294 872
294 908
295 647
295 690
295 761
296 462
296 575
296 624
296 671
296 719
297 299
297 440
297 565
297 634
297 636
298 425
298 534
298 636
298 651
298 878
299 337
299 390
299 444
299 464
299 792
299 971
300 553
300 755
300 799
300 956
301 885
301 929
302 436
302 450
302 566
302 671
302 738
302 828
302 930
303 352
303 508
303 509
303 529
303 541
303 594
303 705
303 732
303 738
303 848
304 314
304 658
305 691
306 573
306 760
306 884
307 703
307 734
308 633
308 750
308 858
309 491
309 727
309 767
309 776
309 921
310 327
310 370
310 684
310 752
311 343
311 485
311 728
311 765
312 382
312 548
312 660
312 844
313 390
313 642
313 976
314 339
314 564
314 708
314 809
315 390
315 424
315 425
315 561
315 571
315 579
315 625
315 798
315 818
315 951
316 341
316 580
317 474
318 358
318 425
318 544
318 602
318 853
319 846
319 935
319 970
320 337
320 792
320 866
321 448
321 873
322 555
322 684
322 784
322 826
323 375
323 391
323 587
323 685
323 878
324 693
324 896
325 972
326 724
326 779
327 495
327 500
328 434
328 507
328 735
328 876
329 569
329 668
329 874
329 928
329 930
330 407
330 844
330 879
330 903
330 904
331 635
331 823
332 587
332 844
334 525
334 676
335 503
335 858
335 955
336 449
336 626
336 822
336 829
336 988
337 382
337 438
337 539
337 560
337 912
338 451
338 532
338 702
339 667
339 792
339 856
340 411
340 537
340 918
341 490
341 511
341 545
341 873
341 886
342 789
342 863
343 382
343 396
343 475
343 532
343 683
344 641
344 755
345 431
345 617
345 813
345 823
345 832
346 414
346 490
346 750
346 765
346 931
346 941
347 434
347 484
347 636
347 639
347 798
347 976
348 503
348 769
348 889
349 525
349 540
349 680
349 800
349 842
350 431
350 741
351 495
351 635
351 643
352 462
353 754
353 794
353 929
354 682
354 986
355 611
355 735
355 921
355 939
355 991
356 801
357 539
357 544
357 588
357 635
357 664
357 822
358 615
359 689
359 985
360 667
360 781
360 800
360 819
360 911
361 419
361 483
361 766
362 376
362 396
362 561
363 701
363 921
363 973
363 993
364 481
364 642
365 399
365 433
365 791
366 494
366 525
366 631
366 632
366 646
366 916
367 455
367 538
367 657
367 700
367 719
368 469
368 567
368 659
368 747
369 707
370 429
370 505
370 532
370 564
370 598
370 684
370 809
371 482
371 849
372 422
372 448
372 875
372 979
373 449
373 462
373 694
373 755
373 940
374 506
374 874
375 394
375 415
375 559
375 643
375 964
376 478
376 481
376 684
376 974
377 526
377 618
377 773
377 805
377 972
378 768
379 741
379 792
380 403
380 532
380 799
380 838
380 987
381 390
381 482
381 565
381 946
382 442
382 598
382 647
382 840
382 844
383 403
383 665
383 903
384 736
384 946
385 435
386 533
386 627
386 701
386 801
386 873
386 901
386 935
387 459
387 722
388 584
388 627
388 645
388 682
389 669
389 823
389 899
389 928
389 929
390 515
390 607
390 715
390 735
390 968
391 418
391 457
391 513
391 540
391 936
391 954
391 980
392 546
392 585
393 699
394 687
395 476
395 489
395 523
395 588
395 802
395 867
395 945
396 658
396 703
396 811
397 678
397 687
397 974
398 706
399 426
399 471
399 633
399 720
399 961
400 424
400 517
400 524
400 542
400 573
400 581
400 598
400 725
400 957
401 514
401 689
402 527
402 851
403 487
403 822
403 899
403 988
404 420
404 673
404 766
405 515
405 569
405 820
406 615
406 629
406 881
407 754
408 537
408 820
408 868
408 893
409 548
409 788
410 413
410 469
410 523
410 642
410 870
411 423
411 447
411 797
411 814
411 872
412 477
412 600
412 836
412 845
413 816
413 844
413 849
413 988
414 423
414 450
414 849
415 584
415 646
415 830
415 872
415 935
416 546
416 743
416 749
416 900
417 500
417 830
418 705
418 723
418 735
418 837
418 994
419 766
420 581
420 871
421 595
421 757
421 776
421 809
422 623
422 630
423 551
423 758
423 826
424 538
424 663
424 792
424 808
425 601
425 603
426 436
426 584
426 781
427 491
427 656
428 500
428 564
428 620
428 658
429 616
429 645
429 702
429 930
430 758
431 547
431 706
431 756
432 653
432 920
433 637
434 600
434 851
434 892
434 912
434 998
435 599
436 514
436 611
436 986
437 570
438 651
438 838
438 893
439 723
439 994
440 599
440 798
440 915
440 917
441 447
441 540
441 912
441 972
442 927
443 548
443 651
443 888
444 821
444 924
446 692
446 772
446 886
447 453
447 893
449 512
450 467
451 480
451 579
451 696
451 785
451 810
451 885
452 777
452 976
453 575
453 919
454 492
454 746
454 791
454 889
455 760
456 648
457 605
457 617
457 654
458 982
459 471
459 526
459 560
459 710
459 805
460 907
461 875
461 970
463 771
463 832
463 851
463 894
463 948
463 981
463 997
464 488
464 737
464 790
464 835
464 993
465 571
465 806
466 632
466 684
466 934
466 964
468 723
468 853
468 906
468 974
468 980
469 770
469 815
470 572
470 719
470 832
471 524
471 961
472 933
473 674
474 715
474 864
475 797
475 866
476 567
476 611
476 695
476 957
477 514
477 585
477 633
477 882
477 944
478 800
478 936
479 742
479 959
481 535
481 564
482 504
482 754
482 785
482 861
483 529
484 715
484 895
484 984
485 781
486 539
486 618
486 769
486 772
487 508
487 543
487 821
487 867
487 907
488 586
488 804
489 652
489 658
489 923
489 941
490 538
490 842
491 492
491 749
491 755
491 800
492 712
492 955
492 967
493 562
493 598
493 909
494 609
494 834
495 794
495 905
496 584
496 936
497 532
497 897
497 913
498 517
499 784
500 610
500 751
500 885
501 714
501 762
503 674
503 954
504 546
504 727
504 735
504 960
505 592
505 995
506 648
506 674
506 855
507 523
507 791
507 873
507 939
507 945
508 719
508 985
509 867
510 777
510 857
511 515
511 525
511 526
511 665
511 758
511 878
512 625
512 661
512 689
512 891
512 972
514 706
514 931
515 751
515 924
515 956
516 846
516 879
517 717
517 901
517 931
517 980
518 581
518 899
518 940
518 972
519 669
520 565
520 744
521 890
521 947
522 529
522 592
522 731
523 531
525 676
525 926
525 928
526 644
526 889
526 953
527 735
527 781
527 993
528 582
528 739
528 924
529 678
529 715
530 575
530 649
530 683
530 770
531 626
531 685
531 687
531 747
531 915
532 536
532 545
532 576
532 611
534 945
535 698
535 775
535 808
535 943
536 563
536 668
536 918
537 605
538 789
538 861
538 873
538 979
539 565
539 571
541 771
541 956
542 612
542 641
542 754
542 810
542 885
543 622
543 729
543 809
543 944
544 716
544 804
544 834
545 590
546 968
546 969
547 873
548 697
548 861
548 938
549 715
550 555
550 925
551 785
551 926
551 978
552 634
552 712
552 728
552 769
552 878
552 965
552 966
552 995
553 596
553 816
553 824
553 944
554 642
554 861
555 704
555 808
555 813
555 966
556 931
556 998
557 669
557 673
559 624
559 625
559 829
559 966
560 973
561 601
561 730
561 747
561 962
562 666
562 725
563 639
564 579
564 619
564 679
564 694
565 827
565 976
566 634
566 710
566 993
567 752
567 917
568 712
568 717
568 727
568 885
568 899
569 860
570 752
571 830
571 922
571 999
572 651
572 863
573 601
573 676
573 818
573 828
573 980
574 703
574 884
574 983
576 624
576 672
577 619
579 585
579 887
580 583
580 592
580 707
580 837
580 877
580 938
581 772
581 859
582 599
582 805
585 743
585 971
586 589
586 792
586 803
586 967
587 623
587 734
587 825
588 649
588 812
589 917
590 679
590 850
590 923
591 745
591 855
591 971
592 632
592 888
592 932
592 955
593 751
594 714
594 831
594 930
595 651
595 683
595 754
595 843
596 649
597 735
597 918
598 686
598 763
600 763
600 849
600 905
601 802
602 628
602 966
603 659
603 881
604 807
605 887
606 843
606 856
607 632
607 880
607 957
608 641
608 761
608 918
609 618
609 660
609 800
609 869
610 689
611 721
612 684
612 724
612 875
613 729
613 742
614 927
615 830
615 951
616 640
616 714
616 861
616 934
617 781
618 672
618 806
618 901
619 620
619 750
621 673
621 909
622 797
622 906
622 963
622 993
623 842
623 956
624 699
625 683
625 692
625 767
625 791
626 768
626 846
626 912
627 688
627 884
628 669
628 882
628 956
629 715
629 765
629 829
630 662
631 782
631 822
633 927
634 835
634 999
635 993
636 740
636 798
636 858
636 966
637 737
637 846
640 697
640 808
640 845
640 871
642 806
642 807
643 819
643 871
644 655
644 977
646 649
646 948
647 951
647 978
648 660
648 691
648 816
649 764
649 951
649 978
650 704
650 908
650 928
651 789
651 849
652 763
652 820
653 730
653 812
653 888
654 875
654 927
655 785
655 889
655 995
656 731
656 745
656 763
656 817
657 767
657 869
658 693
659 688
659 741
660 709
660 733
661 755
661 984
662 771
662 857
663 713
664 913
665 940
666 685
666 896
667 828
667 847
668 722
668 810
668 924
669 847
669 906
669 993
670 765
672 869
672 926
673 832
673 868
674 912
676 727
676 781
676 796
676 823
676 920
677 876
677 883
678 806
678 932
679 792
679 796
680 718
680 764
680 886
681 945
683 713
683 992
684 708
684 817
684 881
685 747
685 767
685 882
685 951
685 998
686 720
686 739
686 813
686 839
686 981
686 985
687 693
687 784
687 930
688 958
689 774
690 724
693 810
693 853
694 830
695 898
695 932
698 845
698 911
699 794
699 948
701 774
702 756
703 851
703 870
705 798
705 822
706 819
706 920
708 751
708 754
708 847
708 856
708 930
708 950
709 737
711 740
711 764
714 735
715 730
715 934
716 792
716 835
716 861
718 803
718 898
718 911
719 755
719 876
719 903
719 977
720 721
720 745
721 783
721 838
721 844
723 957
725 753
726 836
726 877
726 913
728 744
728 770
728 946
728 957
729 788
729 817
730 738
730 762
731 885
731 888
732 915
732 945
733 808
733 825
734 856
735 755
735 866
735 880
736 741
736 761
736 800
736 879
737 740
737 847
740 899
740 903
740 905
740 992
741 773
744 810
744 856
744 974
745 977
746 962
746 976
747 917
748 903
749 788
750 764
751 775
751 919
753 999
753 1000
755 990
757 825
757 962
758 970
758 992
759 775
760 987
765 1000
766 821
767 811
767 823
767 980
768 874
769 854
771 900
771 976
772 832
773 826
773 876
776 953
776 954
778 806
778 895
784 803
784 827
785 947
786 803
786 886
790 905
790 995
791 884
791 940
792 918
793 860
793 989
794 827
794 861
794 936
794 949
794 960
794 985
795 840
795 964
797 900
797 964
803 915
803 919
803 966
804 912
806 873
807 987
808 870
810 880
810 935
810 940
811 898
811 954
812 967
813 815
816 975
817 850
817 895
820 883
822 953
825 986
827 891
828 979
829 882
829 885
830 837
830 946
832 855
834 872
834 907
836 973
837 842
837 887
839 912
840 935
841 868
845 976
846 856
848 919
849 973
850 880
852 869
853 888
854 930
854 940
854 963
855 891
857 915
859 995
860 880
866 869
866 929
867 923
868 920
868 940
870 932
871 938
874 967
875 979
885 995
887 933
888 913
890 908
890 918
891 910
892 936
894 930
895 903
896 901
896 920
898 949
901 989
902 936
906 911
906 930
906 942
908 922
910 919
910 991
912 928
913 927
913 941
914 920
915 922
915 962
918 1000
919 961
927 939
927 947
928 972
930 980
933 956
938 974
941 954
943 953
944 951
944 999
946 983
952 987
954 959
955 957
963 991
964 991
966 998

1 2 4 5 6 7 8 9 11 13 14 15 16 17 18 19 20 21 22 23 26 27 28 29 30 32 33 35 36 37 38 39 40 41 42 43 45 46 47 48 49 51 52 53 57 58 59 60 61 62 64 65 66 67 68 69 70 71 72 74 75 76 77 78 79 80 81 82 83 86 87 88 89 90 91 92 93 94 96 97 98 99 101 102 103 104 105 106 107 108 109 110 111 113 114 115 117 118 119 120 121 122 123 124 125 126 127 128 129 130 131 132 133 134 135 136 138 139 140 141 143 144 146 147 148 149 150 151 152 153 154 155 156 157 158 159 160 161 162 163 164 165 166 167 168 170 172 173 176 177 179 181 183 185 186 187 188 190 191 197 199 200 201 202 203 204 205 206 207 208 209 210 212 213 214 216 218 219 220 221 222 223 224 225 227 228 229 231 232 233 234 235 236 237 238 239 240 242 244 245 246 248 250 251 252 253 254 255 256 257 258 259 260 261 262 263 264 266 267 268 270 271 273 274 275 276 277 278 279 280 281 282 283 284 285 286 288 289 290 291 292 293 294 296 297 298 299 300 302 303 304 305 306 307 308 309 310 311 312 313 314 315 317 318 319 320 321 322 323 324 327 328 329 330 331 332 334 335 336 337 338 339 340 341 343 345 346 347 348 349 351 352 353 354 355 356 357 358 359 360 362 363 365 366 367 368 370 371 372 373 375 376 377 379 380 381 382 383 384 385 386 388 389 390 391 392 394 395 396 397 398 399 400 402 403 404 405 406 407 408 409 410 411 412 413 414 415 416 418 420 421 422 423 424 425 426 427 428 429 431 432 433 434 435 436 437 438 439 440 441 443 444 446 447 448 449 450 451 452 453 454 455 457 459 461 462 463 464 465 466 467 468 469 470 471 473 474 475 476 477 478 480 481 482 484 486 487 488 489 490 491 492 493 494 495 496 497 500 501 503 504 505 506 507 508 509 510 511 512 514 515 517 518 520 521 522 523 524 525 526 527 528 529 530 531 532 533 534 535 536 537 538 539 540 541 542 543 544 545 546 548 549 550 551 552 553 554 555 556 557 559 560 561 562 563 564 565 566 567 568 569 570 571 573 574 575 576 577 578 579 580 581 582 583 584 585 586 587 588 590 591 592 594 595 596 597 598 599 600 601 602 603 605 607 609 610 611 612 614 615 616 617 618 619 621 622 623 624 625 626 627 628 629 630 631 632 633 634 635 636 637 638 639 640 642 643 644 645 646 647 648 649 650 651 652 653 654 655 656 657 658 659 660 661 662 663 665 666 667 668 669 670 672 673 674 676 677 678 679 680 682 683 684 685 686 687 688 689 691 692 693 694 695 698 699 700 701 702 703 705 706 708 710 711 712 714 715 716 718 719 720 721 723 725 726 727 728 729 730 731 732 733 734 735 736 737 738 739 740 741 743 744 745 746 747 749 750 751 752 753 754 755 756 757 758 760 762 763 764 765 766 767 768 769 770 771 772 773 774 776 777 778 781 784 785 786 788 789 790 791 792 793 794 795 797 798 800 801 802 803 804 805 806 807 808 809 810 811 812 813 815 816 817 818 819 820 821 822 823 825 826 827 828 829 830 831 832 834 835 836 837 838 839 840 841 842 843 844 845 846 847 848 849 850 851 852 853 854 855 856 857 858 859 860 861 866 867 868 869 870 871 872 873 874 875 876 878 879 880 881 882 883 884 885 886 887 888 889 890 891 893 894 895 896 897 898 899 900 901 903 905 906 908 909 910 911 912 913 915 917 918 919 920 921 922 923 924 925 926 927 928 929 930 931 932 933 934 935 936 938 939 940 941 943 944 945 946 947 948 949 950 951 953 954 955 956 957 958 961 962 963 964 966 967 968 970 971 972 973 974 976 977 978 979 980 981 983 984 985 986 987 988 989 990 991 992 993 994 995 996 997 998 999 1000